16
LAV
AVZ
ARU
NAU
GAU
VBU
SBU
SZI
AUA
DOG
TUT
MAU
HOK
SHK
CIU
TEA
0
1
3
4
5
7
8
10
12
14
16
17
19
21
23
25
0
1
3
4
5
7
8
9
11
13
14
15
17
18
20
21

04 :
12, 30, 45
12, 30, 45
35
35
05 :
00, 15, 31, 45
00, 15, 31, 45
00, 30 00, 30
06 :
00, 08, 20, 32, 44,
51, 58
00, 15, 30, 40, 47, 57
00, 30 00, 50
07 :
05, 12, 19, 26, 33, 40, 47
07, 17, 27, 40, 47
00, 20, 40
25, 50
08 :
15, 30, 45
15, 30, 45
00, 20,
40, 50 25, 50
09 :
00, 20, 42
00, 20, 42
00, 20, 40
25, 50
10 :
00, 20, 42
00, 20, 42
00, 20, 40
25, 50
11 :
00, 20, 42
00, 20, 42
00, 20, 40
25, 50
12 :
00, 15, 30, 40, 45
00, 15, 30, 45, 50
00, 20, 40
25, 50
13 :
00, 07, 13, 29, 40, 45, 53
00, 07, 27, 40, 47, 57
00, 20, 40
25, 50
14 :
00, 07, 13, 21, 29, 45, 53
07, 17, 27, 47, 57
00, 20, 50
25, 50
15 :
00, 07, 13, 29, 40, 45, 53
07, 27, 40, 47, 57
25, 50
25, 50
16 :
00, 07, 20, 30, 45
07, 30, 45
25, 50
25, 50
17 :
00, 15, 30
00, 15, 30
25, 50
25, 50
18 :
00, 15, 45
00, 15, 45
25, 50
25, 50
19 :
05, 25, 45
05, 25, 45
25, 48
25, 48
20 :
05, 25, 45
05, 25, 45
25, 48
25, 48
21 :
05, 25, 45
05, 25, 45
25, 48
25, 48
22 :
10
10
25, 50
25 