Berva felé
29
LAV
AVZ
ARU
NAU
GAU
VBU
SBU
SZI
AUA
DOG
TUT
RAT
GAH
KOT
SHK
NAL
EGU
FEA
ALU
KJU
FEU
PAL
FEB
JAU
FUT
SAU
BEU
KBU
BER
0
1
3
4
5
7
8
10
12
14
16
17
18
20
21
23
24
25
26
27
28
29
30
31
33
34
36
37
39
0
1
3
4
5
7
8
9
11
13
14
15
16
17
18
19
20
21
22
23
24
25
26
27
28
29
30
31
32
04:1
-
-
45
-
05:1
-
-
10
10
06:1
10,37
10,37
10,35
10,35
07:1
10,37
10,37
10
10,35
08:1
10,37
10,37
10,35
10,35
09:1
37
37
10,35
10,35
10:1
37
37
10,35
10,35
11:1
37
37
10,35
10,35
12:1
10,37
10,37
10,35
10,35
13:1
10,37
10,37
10,35
10,35
14:1
10,37
10,37
10,35
10,35
15:1
10,37
10,37
10,35
10,35
16:1
37
37
10,35
10,35
17:1
10,37
10,37
10
10
18:1
10,37
10,37
10
10
19:2
10,37
10,37
10
10
20:2
10
10
10
10
21:2
10,30
10,30
10
10
22:2
35
35
35
35
23:2
45
45
45
45

Lajosváros felé
31
BER
KBU
BEU
SAU
FUT
ALU
KJU
FEU
PAL
FEB
JAU
FEA
EGU
NAL
SHK
KOT
GAH
TUT
DOG
AUA
BAZ
SZI
VBU
SET
GAU
NAU
ARU
AVZ
VPU
MKU
LAV
0
2
3
5
6
8
9
10
11
12
13
14
15
16
18
19
20
22
24
26
27
28
30
31
32
33
35
36
37
38
40
0
1
2
3
4
6
7
8
9
10
11
12
13
14
15
16
17
19
21
23
24
25
26
27
28
29
30
31
32
33
35
05:1
-
-
35
-
06:1
-
-
05
05
07:1
05,35
05,35
05,35
05,35
08:1
35
35
35
05,35
09:1
05,35
05,35
05,35
05,35
10:1
05
05
05,35
05,35
11:1
05
05
05,35
05,35
12:1
05,35
05,35
05,35
05,35
13:1
05,35
05,35
05,35
05,35
14:1
05
05
05,35
05,35
15:1
35
35
05,35
05,35
16:1
05,35
05,35
05,35
05,35
17:1
05,35
05,35
05,35
05,35
18:1
05,35
05,35
05
05
19:2
05,35
05,35
05
05
20:2
05,35
05,35
05
05
21:2
05,35
05,35
05
05
22:2
15,35
15,35
05
05
23:2
-
-
10
10
