Agroker felé
20
TEA
FEV
TIU
HOK
MAU
TUT
DOG
AUA
BAZ
EGY
EGH
USZ
MAH
HOU
TIM
ZFH
SKK
KU5
TRT
AGR
0
1
3
5
6
8
10
12
13
14
16
17
19
20
22
23
24
25
26
28
0
1
2
3
4
6
8
10
11
12
13
14
16
17
19
20
21
22
23
25
05:1
00,20,27
00,20,27
-
-
06:1
01,31
01,31
00
00
07:1
01,31
01,31
00
00
08:1
03
03
00
00
09:1
03
03
00
00
10:1
03
03
00
00
11:1
03
03
00
00
12:1
03
03
00
00
13:1
01,33
01,33
00
00
14:1
01,33
01,33
00
00
15:1
01,33
01,33
00
00
16:1
01,33
01,33
00
00
17:1
00,33
00,33
00
00
18:1
00
00
00
00
19:2
00
00
00
00
20:2
00
00
00
00
21:2
00,31
00,31
00
00
22:2
00
00
00
00
23:2
-
-
00
00

TESCO felé
18
AGR
TRT
KU5
SKK
ZFH
TIM
HOU
MAH
SZT
EGY
AUA
DOG
TUT
MAU
HOK
TIU
FEV
TEA
0
1
2
3
5
6
7
9
11
13
15
17
19
20
22
24
26
27
0
1
2
3
5
6
7
9
10
12
14
16
17
18
20
22
23
24
05:1
34
34
30
30
06:1
02,19,32
02,19,32
30
30
07:1
02,25,32
02,32
30
30
08:1
02,32
02,32
30
30
09:1
32
32
30
30
10:1
32
32
30
30
11:1
32
32
30
30
12:1
32
32
30
30
13:1
32
32
30
30
14:1
04,32
04,32
30
30
15:1
04,32
04,32
30
30
16:1
07,32
07,32
30
30
17:1
04,32
04,32
30
30
18:1
04,32
04,32
30
30
19:2
32
32
30
30
20:2
32
32
30
30
21:2
32
32
30
30
22:2
05
05
30
30
