Tihaméri malom felé
15
TEA 1
FEV 1
TIU 1
HOK 3
MAU 1
TUT 1
DOG 1
AUA 2
BAZ 2
EGY 1
EGH 1
USZ 1
MAH 1
HOU 1
TIM 1
0
1
3
5
6
8
10
12
13
14
16
17
19
20
22
0
1
2
3
4
6
7
9
10
11
12
13
15
16
18
05:1
-
-
40
40
06:1
20,40
20,40
20,40
20,40
07:1
05,15,25
0,25
20,40
20,40
08:1
20,40
20,40
20,40
20,40
09:1
20,40
20,40
20,40
20,40
10:1
20,40
20,40
20,40
20,40
11:1
20,40
20,40
20,40
20,40
12:1
20,40
20,40
20,40
20,40
13:1
15,45
15,45
20,40
20,40
14:1
15,45
15,45
20,40
20,40
15:1
15,45
15,45
30
30
16:1
15,45
15,45
30
30
17:1
15,45
15,45
30
-
18:1
35
35
30
30
19:2
35
35
30
30
20:2
35
35
30
30
21:2
-
-
30
30
22:2
35
35
30
30
23:2
00
-
-
-

TESCO felé
13
TIM 1
HOU 2
MAH 2
SZT 1
EGY 2
AUA 1
DOG 2
TUT 2
MAU 2
HOK 1
TIU 2
FEV 2
TEA 1
0
1
3
5
7
9
11
13
14
16
18
20
21
0
1
2
3
5
7
9
10
11
13
15
16
17
04:1
54
54
-
-
05:1
24,53
24,53
15,55
15,55
06:1
53
53
15,55
15,55
07:1
24,53
24,53
15,55
15,55
08:1
20
20
15,55
15,55
09:1
00,20
00,20
15,55
15,55
10:1
00,20
00,20
15,55
15,55
11:1
00,20
00,20
15,55
15,55
12:1
00,20
00,20
15,55
15,55
13:1
00,20,50,54
00,20,54
15,55
15,55
14:1
24,54
24,54
15,55
15,55
15:1
24,54
24,54
05
05
16:1
24,54
24,54
05
05
17:1
24,54
24,54
05
05
18:1
24
24
05
-
19:2
02
02
05
05
20:2
02
02
05
05
21:2
02
02
05
05
22:2
-
-
05
05