Baktai út felé
23
VEV 1
ECU 1
EVV 1
TTV 1
MAU 1
TUT 1
DOG 1
AUA 2
BAZ 2
SZI 2
BTS 2
AGP 1
HVT 1
BGU 1
PFU 1
GYU 1
RDU 1
LTU 1
VMU 1
AJU 1
CSU 1
TIH 1
BKU 1
0
1
2
3
5
7
9
11
12
14
16
18
19
20
21
22
23
24
25
26
27
28
29
0
1
2
3
5
7
9
11
12
14
16
18
19
20
21
22
23
24
25
26
27
28
29
05:1
12,28
12,28
-
-
06:1
16,45
16,45
-
-
07:1
20
20
05
05
08:1
05
05
05
05
09:1
05
05
05
05
10:1
05
05
05
05
11:1
05
05
05
05
12:1
10
10
35
35
13:1
10,35
10,35
35
35
14:1
35
35
35
35
15:1
05,35
05,35
-
-
16:1
41
41
05
05
17:1
58
58
05
05
19:2
00
00
-
-
20:2
05
05
-
-

Vécsey völgy felé
19
BKU 1
TIH 1
CSU 1
MIU 1
VKB 1
KYU 1
PFU 1
HVT 1
AGP 3
BAZ 1
SZI 1
AUA 1
DOG 2
TUT 2
MAU 3
TTV 2
EVV 2
ECU 2
VEV 1
0
2
3
4
6
7
8
9
13
14
16
18
20
22
23
25
26
27
28
0
2
3
4
6
7
8
9
13
14
16
18
20
22
23
25
26
27
28
05:1
00,48
00,48
-
-
06:1
15,50
15,50
-
-
07:1
20,50
20,50
35
35
08:1
35
35
35
35
09:1
35
35
35
35
10:1
35
35
35
35
11:1
35
35
05
05
12:1
40
40
05
05
13:1
05
05
05
05
14:1
05,35
05,35
05
05
15:1
05
05
35
35
16:1
13
13
35
35
17:1
30
30
-
-
18:1
30
30
-
-
19:2
35
35
-
-
